43
48
5
5
42
1
1
42
10
10
10
60
45
45
0
32
60
44
21
61
24
61
24
12
12
12
12
12
21
34
44
51
16
34
44
44
47
34
55
41
45
51
55
55
51
36
50
23
64
9
64
57
19
30
57
19
23
50
19
60
23
50
46
40
14
63
47
56
50
14
19
55
64
60
16
49
58
41
46
2
14
34
54
50
18
47
11
60
40
40
30
47
15
51
54
11
11
63
40
0
0
47
49
39
49
37
49
18
59
15
37
2
14
0
57
61
41
40
39
59
59
57
0
54
59
17
23
37
18
56
46
34
19
4
15
4
51
39
23
56
32
63
61
9
5
36
54
39
58
7
17
27
11
38
14
22
49
4
45
15
55
11
29
8
46
39
17
7
38
32
56
9
37
53
54
64
30
32
16
32
25
2
37
43
63
46
25
18
1
16
56
61
36
64
25
33
25
25
1
15
27
7
30
48
7
17
20
22
43
6
45
4
20
9
31
28
28
59
43
42
20
22
7
18
26
22
30
58
42
20
22
10
28
29
13
20
29
9
44
28
63
13
17
13
4
29
31
31
28
29
16
24
31
26
24
53
3
53
3
62
13
43
6
57
36
62
2
1
62
13
36
8
8
26
53
53
3
21
38
24
62
62
58
35
52
3
31
52
3
33
21
35
33
35
38
41
52
26
6
6
10
21
41
38
35
26
48
27
27
48
35
6
5
27
52
8
33
48
8
52
33
2
42
5
58
